173.331
204.572
179.801
162.992
183.151
184.981
195.11
176.92
175.757
151.359
158.162
209.566
176.38
189.453
171.118
195.702
174.041
150.922
196.64
143.345
163.234
171.715
153.627
160.635
180.105
153.08
168.084
172.203
169.74
163.897
182.544
188.456
176.059
178.159
149.459
166.346
168.078
190.956
152.899
171.597
174.49
161.651
151.067
173.208
164.011
185.43
178.556
151.565
160.612
184.925
159.785
157.754
190.344
184.929
174.833
175.076
187.139
149.181
168.292
191.185
175.749
160.811
183.562
187.631
156.482
175.245
145.49
185.912
167.412
164.955
157.443
170.305
172.881
172.835
160.925
192.51
173.85
172.996
176.836
151.162
151.818
203.542
164.304
178.496
161.216
182.43
177.119
175.98
181.85
171.957
187.716
181.248
189.631
173.619
156.293
191.862
170.649
183.164
187.529
158.691
180.871
176.784
174.639
189.235
171.977
174.937
158.249
164.195
167.726
174.262
162.433
181.705
167.765
165.75
160.914
167.605
161.502
181.093
189.175
162.446
154.067
166.779
180.522
186.533
169.578
185.065
170.942
146.826
150.622
177.839
169.449
188.642
166.678
159.865
160.703
199.164
164.824
173.053
209.787
179.332
162.536
196.265
168.785
181.281
178.715
175.208
165.329
171.775
158.977
183.466
160.453
171.889
151.143
149.109
182.226
161.294
182.769
162.254
172.256
167.384
168.823
164.452
178.919
176.914
177.457
169.24
191.155
173.578
155.736
150.608
164.805
174.016
159.159
180.403
178.501
158.916
177.313
177.115
170.194
141.703
176.818
171.298
158.446
183.086
180.3
178.043
147.911
176.911
175.645
190.049
162.062
191.94
165.266
182.166
174.612
155.559
165.424
178.839
187.847
176.874
181.495
174.496
178.619
153.269
183.803
166.714
162.587
165.204
177.464
181.053
166.546
159.214
173.418
172.373
158.067
163.086
164.835
167.473
164.106
180.235
